5 0.08671875 0.83359375 0.10625 0.1359375
5 0.23515625 0.8296875 0.096875 0.1578125
5 0.37421875 0.83203125 0.0921875 0.1515625
5 0.515625 0.8296875 0.103125 0.14375
5 0.6609375 0.81953125 0.0890625 0.1046875
5 0.8078125 0.81796875 0.1109375 0.1421875
5 0.94296875 0.82578125 0.0890625 0.140625
5 0.08125 0.6015625 0.0796875 0.121875
5 0.23203125 0.6015625 0.090625 0.1265625
5 0.3671875 0.60078125 0.090625 0.1421875
5 0.51484375 0.59921875 0.0890625 0.1359375
5 0.65234375 0.6015625 0.0703125 0.1125
5 0.7984375 0.59296875 0.0890625 0.134375
5 0.9375 0.35859375 0.0890625 0.1578125
5 0.79765625 0.109375 0.1 0.159375
5 0.93671875 0.11875 0.071875 0.1296875
5 0.646875 0.1328125 0.0625 0.16875
5 0.075 0.13828125 0.075 0.10625
5 0.07578125 0.36171875 0.0671875 0.1046875
5 0.36640625 0.35703125 0.05 0.065625
5 0.36796875 0.11953125 0.075 0.0921875
5 0.79765625 0.36953125 0.078125 0.13125