3 0.09609375 0.08984375 0.128125 0.109375
3 0.25546875 0.08828125 0.090625 0.0796875
3 0.4265625 0.08828125 0.09375 0.084375
3 0.57890625 0.09609375 0.1015625 0.0921875
3 0.746875 0.09453125 0.090625 0.0890625
3 0.90390625 0.09609375 0.1 0.084375
3 0.90703125 0.2515625 0.0703125 0.0796875
3 0.74296875 0.2484375 0.1 0.075
3 0.584375 0.240625 0.08125 0.08125
3 0.09765625 0.3890625 0.084375 0.08125
3 0.590625 0.55234375 0.078125 0.0578125
3 0.73828125 0.68671875 0.0921875 0.0890625
3 0.9046875 0.8375 0.078125 0.08125
3 0.73984375 0.8265625 0.05625 0.0390625
3 0.4234375 0.83515625 0.0859375 0.071875
3 0.259375 0.68984375 0.0875 0.078125