5 0.0453125 0.1546875 0.090625 0.14375
5 0.19453125 0.1625 0.1 0.1640625
5 0.33828125 0.16015625 0.09375 0.15625
5 0.48515625 0.16171875 0.10625 0.1484375
5 0.6359375 0.1703125 0.090625 0.1078125
5 0.7890625 0.17109375 0.1140625 0.146875
5 0.92734375 0.1625 0.090625 0.1453125
5 0.0390625 0.40078125 0.078125 0.1265625
5 0.19296875 0.39921875 0.09375 0.13125
5 0.33203125 0.4 0.0921875 0.146875
5 0.48515625 0.4 0.090625 0.140625
5 0.62734375 0.396875 0.071875 0.115625
5 0.7796875 0.4046875 0.0921875 0.1390625
5 0.925 0.646875 0.090625 0.1625
5 0.78125 0.90703125 0.1015625 0.165625
5 0.92578125 0.896875 0.0734375 0.1328125
5 0.625 0.88359375 0.0625 0.175
5 0.0359375 0.88125 0.071875 0.109375
5 0.03359375 0.64921875 0.0671875 0.1078125
5 0.3328125 0.653125 0.0515625 0.0671875
5 0.3359375 0.9 0.078125 0.0953125
5 0.78046875 0.6375 0.08125 0.1359375