3 0.9015625 0.0515625 0.1296875 0.103125
3 0.74140625 0.05078125 0.0921875 0.084375
3 0.56875 0.05859375 0.0953125 0.0890625
3 0.41484375 0.0734375 0.103125 0.0984375
3 0.2453125 0.0796875 0.0921875 0.09375
3 0.08671875 0.0890625 0.1015625 0.0890625
3 0.08203125 0.24609375 0.071875 0.0859375
3 0.24765625 0.2359375 0.1015625 0.08125
3 0.40703125 0.2203125 0.0828125 0.084375
3 0.89609375 0.34765625 0.0859375 0.0859375
3 0.39765625 0.53671875 0.0796875 0.0609375
3 0.246875 0.67890625 0.09375 0.09375
3 0.0765625 0.840625 0.0796875 0.084375
3 0.24375 0.82109375 0.05625 0.0421875
3 0.5625 0.815625 0.0890625 0.0765625
3 0.73046875 0.66015625 0.0890625 0.0828125