1 0.284375 0.15390625 0.1140625 0.0890625
1 0.43828125 0.1578125 0.1046875 0.09375
1 0.59296875 0.1671875 0.1046875 0.0953125
1 0.896875 0.18203125 0.1046875 0.08125
1 0.1515625 0.440625 0.1 0.075
1 0.1546875 0.59296875 0.0828125 0.0703125
1 0.2984375 0.44375 0.090625 0.075
1 0.44765625 0.30625 0.09375 0.1
1 0.59921875 0.315625 0.10625 0.0796875
1 0.74765625 0.321875 0.1 0.0828125
1 0.90234375 0.33046875 0.08125 0.0671875
1 0.75703125 0.4640625 0.090625 0.0734375
1 0.7703125 0.61015625 0.0921875 0.053125
1 0.921875 0.615625 0.0765625 0.0625
1 0.6140625 0.60390625 0.1 0.0765625
1 0.9328125 0.90546875 0.0953125 0.06875
1 0.7828125 0.89765625 0.0875 0.0609375
1 0.4765625 0.88203125 0.109375 0.0859375
1 0.3265625 0.87734375 0.109375 0.0765625
1 0.16796875 0.878125 0.109375 0.1015625